1.8505	1.1426	1.09476	-0.150062	-0.144072	-0.0744944	-0.125136	-0.171366	-0.168483	-0.148403	-0.149641	-0.0796344	-0.12424	-0.160152	-0.205848	-0.124614	-0.12728	-0.0871558	-0.0998726	-0.115547	-0.112489	0.653192	0.753341	0.726707	0.721398	0.699305	-0.138053	-0.152805	-0.12269	-0.0844401	-0.116785	-0.174181	-0.200715	-0.151816	-0.13403	-0.15167	-0.118082	-0.0997301	-0.159791	-0.108775	-0.0350502	-0.00796866	0.0119825	-0.0233778	0.206626	0.184986	0.179154	0.1409	-0.011198	-0.0675055	-0.0313558	-0.0387319	-0.0251485	-0.108791	-0.0722773	-0.057866	-0.0845029	-0.0869166	-0.0966966	-0.0893402	-0.10979	-0.138855	-0.104336	-0.119697	-0.132601	-0.133966	-0.143987	-0.16309	-0.160964	-0.115113	-0.15457	0.00951496	0.0407198	-0.0215749	0.0132392	-0.131713	-0.108224	-0.10132	-0.0950755	-0.0831338	-0.10764	-0.15346	-0.163762	-0.176916	-0.0801135	-0.112984	-0.149547	-0.0981713	-0.102424
1.1426	1.79961	1.21832	-0.125693	-0.146389	-0.123219	-0.129753	-0.181572	-0.178279	-0.121076	-0.162742	-0.0784712	-0.128046	-0.158591	-0.188099	-0.121341	-0.161692	-0.103532	-0.072205	-0.100251	-0.0833121	0.695253	0.662254	0.696903	0.679339	0.710229	-0.126868	-0.141493	-0.0861129	-0.143237	-0.120099	-0.142374	-0.194098	-0.157908	-0.16728	-0.140847	-0.131925	-0.0959942	-0.108178	-0.0955491	-0.0208381	-0.00172164	-0.0236081	-0.0465234	0.16492	0.172268	0.204229	0.111589	0.0097419	-0.0447656	-0.0489639	-0.0324262	-0.0223471	-0.083652	-0.0753668	-0.056202	-0.089829	-0.118648	-0.0669708	-0.0190824	-0.128963	-0.14893	-0.165881	-0.140348	-0.0942231	-0.146229	-0.156587	-0.162621	-0.175161	-0.121643	-0.159082	0.063451	-0.000744599	0.0010418	0.0140523	-0.177342	-0.0870121	-0.111071	-0.0860327	-0.11876	-0.164752	-0.132476	-0.186964	-0.168834	-0.0980895	-0.152833	-0.090606	-0.0902916	-0.141263
1.09476	1.21832	1.78167	-0.119964	-0.13972	-0.102387	-0.11798	-0.13269	-0.136017	-0.115919	-0.152094	-0.0713176	-0.0938541	-0.162077	-0.147325	-0.0946938	-0.143706	-0.088809	-0.0998059	-0.0790667	-0.0816255	0.647059	0.706256	0.684335	0.643168	0.707115	-0.0753548	-0.0837115	-0.0745408	-0.13134	-0.0805843	-0.149185	-0.158968	-0.147737	-0.154033	-0.162911	-0.0847059	-0.119623	-0.147111	-0.148412	-0.0270649	-0.0321434	-0.0400057	-0.0768506	0.130439	0.185103	0.132959	0.0975232	-0.0055809	-0.0692891	-0.0579252	-0.0679751	-0.0398017	-0.101205	-0.0959993	-0.0796883	-0.0799426	-0.0814199	-0.015136	-0.0429783	-0.0964092	-0.095328	-0.14657	-0.111035	-0.150976	-0.115926	-0.147316	-0.154198	-0.135552	-0.0986711	-0.131465	0.011618	0.0334301	-0.037416	0.0371634	-0.110281	-0.126446	-0.119796	-0.148738	-0.0913619	-0.133965	-0.154562	-0.211065	-0.176771	-0.0599117	-0.121716	-0.144949	-0.115585	-0.111336
-0.150062	-0.125693	-0.119964	0.986678	0.127292	0.0214484	0.0268446	0.0376633	0.0396203	0.0503944	0.082586	0.00916697	0.0204591	0.0796097	0.0609043	0.0157551	0.0643151	-0.047708	0.000522907	-0.0298908	-0.0500522	-0.107021	-0.133612	-0.121505	-0.106339	-0.0987849	0.00875791	0.0040918	-0.0222683	0.0266668	0.0968417	0.0516405	-0.0146423	0.0248443	0.00693019	0.0146333	-0.0391896	0.0399373	0.0277905	-0.0722735	0.0128542	-0.0513339	0.00882152	-0.0198459	-0.088539	-0.071169	-0.0061597	-0.105083	-0.06627	-0.035897	-0.0149871	-0.0547787	-0.0825287	-0.017071	0.00018757	-0.0133248	-0.0125535	0.0541893	-0.0356204	-0.0451291	-0.00111035	0.0593342	0.00292313	0.0699921	0.00436576	0.0289043	-0.0249613	0.016445	0.0166609	-0.0349776	0.0469384	-0.0840533	-0.110123	-0.0889918	-0.0797401	0.00281563	0.0300395	-0.00572487	-0.018251	-0.0133025	-0.00382242	-0.00296554	-0.0197167	-0.00111959	0.0627774	0.0322054	0.0603264	-0.0322204	0.0219584
-0.144072	-0.146389	-0.13972	0.127292	1.01431	0.00154097	0.0440573	0.0344375	0.0391942	0.0254232	0.0372337	-0.0121907	0.0299204	0.0510769	0.0718821	0.0564884	0.0621011	0.00298832	-0.0199439	0.0600929	-0.0209098	-0.143176	-0.155423	-0.12135	-0.148172	-0.129316	-0.00265846	0.0481309	-0.00291971	0.0197584	-0.0211776	0.0340535	0.0610384	0.028819	0.0161809	0.0384609	-0.026153	-0.0574399	-0.00556621	-0.0364942	-0.0271334	-0.00653523	0.00287478	-0.0249342	-0.105744	-0.121417	-0.0775219	-0.0771419	-0.0564261	-0.0267427	-0.0267928	-0.0220171	-0.0910721	-0.042873	-0.0472753	0.00607621	0.0526738	0.0426786	-0.0122753	0.0475062	0.0265449	0.00136751	0.0306361	0.0301711	-0.00409852	0.0348989	0.071004	-0.0307676	0.0347192	-0.0149108	0.0540288	-0.0690289	-0.0699273	-0.0917362	-0.0284577	0.0209481	0.0190879	0.00392013	0.0183992	-0.023011	0.00978805	0.00498736	0.0282086	0.00959764	-0.0103039	-0.0298228	-0.00522485	0.0335985	-0.0418688
-0.0744944	-0.123219	-0.102387	0.0214484	0.00154097	1.17593	0.0408573	0.0462808	0.0449119	0.00702921	0.020117	0.139994	0.0469484	-0.0239414	0.0720491	0.0160151	0.0501235	0.000641787	-0.000771545	-0.0256432	0.0372579	-0.0970773	-0.128504	-0.119421	-0.118493	-0.145833	0.0322776	0.017365	0.0436415	0.016945	0.0171753	0.0470364	-0.00326984	0.0154219	-0.00893557	-0.00926768	0.0304573	-0.0245886	0.0153803	-0.0471911	0.00437001	0.0564508	-0.00683508	-0.0368084	-0.00934077	-0.0352012	-0.0687751	-0.0369796	-0.0611851	0.00298967	-0.0481055	-0.0350524	-0.00500105	-0.0259423	-0.0294806	-0.0195431	-0.0233445	-0.0220064	0.0589798	-0.0508902	-0.0378694	0.0104311	0.0492148	0.0103624	0.00620067	0.00153649	-0.069056	-0.0348967	-0.00638554	-0.0355922	-0.0330829	-0.0707751	-0.0963495	-0.097182	-0.0265489	-0.0381516	0.00626	0.0027023	0.0568981	-0.0148062	0.0189054	-0.0272949	0.0469438	-0.0562195	-0.0317585	0.00154407	-0.0300804	-0.0316102	-0.000887462
-0.125136	-0.129753	-0.11798	0.0268446	0.0440573	0.0408573	1.03542	0.0545735	0.0531606	0.0561647	0.0350077	0.0378721	0.0415468	0.0191005	0.0402592	0.0550376	0.10463	0.0225258	-0.0126072	0.0380662	-0.0225986	-0.0845192	-0.100606	-0.128955	-0.114787	-0.11029	0.0172358	-0.00191736	0.0273152	0.0443541	0.00408117	0.000295752	0.0280965	0.00634486	0.00394776	0.0408621	-0.0399492	0.0276299	-0.00909975	-0.0305885	-0.0296282	-0.0632519	-0.0294816	-0.0431939	-0.111978	-0.11189	-0.0634792	-0.0936109	-0.0477323	-0.0203563	-0.0665792	-0.0740998	-0.0527496	-0.0201158	-0.0739694	-0.0554	0.00120679	-0.0401336	-0.00722619	0.0146926	0.0333354	0.0387488	0.0310222	0.0696471	-0.0162867	-0.0120248	-0.0259737	-0.00319449	0.0109882	-0.00990492	0.00247219	-0.0508805	-0.0706437	-0.00296964	-0.0312825	0.032635	0.00483767	-0.000667238	-0.0203694	-0.00433499	0.0503014	0.0371731	0.105198	-0.0125963	-0.0359869	-0.0067043	-0.0461494	-0.0147647	-0.00373955
-0.171366	-0.181572	-0.13269	0.0376633	0.0344375	0.0462808	0.0545735	0.987442	0.977564	-0.0230884	0.0341233	0.0457465	0.0453942	0.0792882	0.164764	0.00336567	0.0434147	-0.0198558	-0.00933214	-0.0559448	-0.0557423	-0.0827452	-0.0981619	-0.0917149	-0.123102	-0.139804	0.0819989	0.0434025	-0.00666021	0.0110613	-0.0250647	0.0127829	-0.00762508	0.032807	0.0519592	0.0273774	-0.00872294	0.00492697	-0.0143038	-0.0302854	-0.0510941	-0.0664989	-0.017249	-0.0436766	-0.0964981	-0.10785	-0.109193	-0.109224	-0.0265888	-0.042616	-0.0171405	-0.0509125	-0.0375477	-0.0190335	-0.0624721	-0.0511311	-0.0324613	-0.0408583	0.0386994	-0.0024019	-0.00806758	0.00811477	0.0568471	-0.00557125	0.00748182	0.020168	-0.0382194	-0.054239	-0.0459859	-0.0660298	-0.00649902	-0.051368	-0.0770761	-0.0338655	-0.0831738	-0.0420186	0.00202953	0.00904794	-0.0323113	-0.0269491	-0.0124449	-0.0230953	0.000339549	-0.00768244	-0.0247005	-0.0501278	-0.00919869	-0.0613275	-0.0204633
-0.168483	-0.178279	-0.136017	0.0396203	0.0391942	0.0449119	0.0531606	0.977564	0.980119	-0.027446	0.0297884	0.0474355	0.0403599	0.0749485	0.157458	0.00505683	0.0451026	-0.0213464	-0.0078346	-0.0637674	-0.0540907	-0.0798939	-0.09627	-0.0898292	-0.121214	-0.140984	0.0835093	0.0451828	-0.00496352	0.0157041	-0.0233365	0.00169325	-0.0117766	0.0286689	0.0471129	0.0290886	-0.00703507	0.0064216	-0.0124471	-0.0285943	-0.0496014	-0.0652063	-0.0124687	-0.0419898	-0.0978905	-0.109222	-0.103916	-0.107374	-0.0309322	-0.0379611	-0.015641	-0.0564851	-0.0360521	-0.0175389	-0.0614777	-0.0496345	-0.036802	-0.0452321	0.0405588	-0.00398361	-0.00637861	0.00307722	0.0516698	-0.00367314	0.00897937	0.0187984	-0.0335585	-0.0495629	-0.0412791	-0.0620632	-0.0107484	-0.0466888	-0.0723785	-0.0441696	-0.0846441	-0.0433395	0.00371849	0.0107774	-0.0303649	-0.0220842	-0.0105567	-0.0212095	0.00133009	-0.00599457	-0.03205	-0.0482371	-0.00731171	-0.0628857	-0.0163021
-0.148403	-0.121076	-0.115919	0.0503944	0.0254232	0.00702921	0.0561647	-0.0230884	-0.027446	0.880048	0.0653087	0.0232371	0.0244252	0.121691	0.0261176	0.0447823	0.0151198	-0.00454101	-0.0273241	0.00959404	-0.00115476	-0.115026	-0.142935	-0.0995804	-0.15248	-0.118351	0.0558478	0.00119515	0.0269556	0.0147558	0.0347262	0.0445289	0.034876	0.0197451	0.0120366	0.0402005	0.028069	-0.0443301	-0.00826866	0.0301226	-0.033569	-0.0434169	-0.0434134	-0.0146565	-0.0906137	-0.113802	-0.0790364	-0.105265	-0.0317001	-0.0225406	-0.0335783	-0.0217566	-0.040469	-0.00264777	-0.0182173	-0.0417828	0.0433015	0.0654614	0.00564919	0.0178371	0.0184589	0.0697577	-0.000663009	0.0222003	0.0173678	0.0378894	-0.0531644	0.0109461	0.0010905	0.000957198	0.0252069	-0.0764516	-0.0824308	-0.0874489	-0.0507474	-0.0148692	-0.0245193	0.0279855	0.0126497	0.0385759	0.00386722	0.00433319	0.0392901	0.0145402	0.0296348	0.0176562	0.00327029	0.0247152	-0.0173071
-0.149641	-0.162742	-0.152094	0.082586	0.0372337	0.020117	0.0350077	0.0341233	0.0297884	0.0653087	0.991005	0.0767449	0.0290129	0.0327135	0.0274205	0.0429204	0.0685318	0.0317508	0.0349056	0.0094791	0.0277217	-0.140292	-0.159377	-0.129906	-0.149747	-0.150125	0.00340289	0.0225204	-0.0229295	0.0103044	0.0354511	0.0423511	0.0387156	0.0923492	0.00801358	0.117894	-0.0276196	-0.00347591	-0.0013686	0.00107001	-0.0079358	-0.0139786	-0.0193187	-0.0741549	-0.113176	-0.0824987	-0.0825932	-0.0968525	-0.0645944	-0.0101914	-0.0336683	-0.0296831	-0.0153714	0.00278685	0.00756546	-0.0426083	0.00771413	0.0211331	0.0123057	-0.00720635	0.0129053	-0.00440349	0.00726494	0.037691	0.00993278	-0.00899969	-0.0385453	0.00656043	-0.00832442	-0.0175368	-0.00845443	-0.0851523	-0.102289	-0.0889221	-0.126925	-0.0233513	0.0109035	0.0381661	0.0452109	0.0268002	0.0635094	0.0197332	-0.00227325	0.0630809	0.0294145	0.0175636	-0.0443625	0.0173161	-0.0432503
-0.0796344	-0.0784712	-0.0713176	0.00916697	-0.0121907	0.139994	0.0378721	0.0457465	0.0474355	0.0232371	0.0767449	0.975219	-0.00450175	-0.034692	0.029444	-0.00779138	0.0462171	0.0136548	0.00415219	-0.0226868	-0.026772	-0.106837	-0.098489	-0.117458	-0.10232	-0.114325	0.00551056	-0.0240971	0.055833	-0.000819963	-0.00646033	0.00489233	-0.0100082	0.0770509	0.0191072	0.0104423	0.0222737	-0.0279378	0.019769	-0.0153177	-0.0532204	-0.082942	-0.0527608	-0.0666005	-0.0735829	-0.102318	-0.0876603	-0.072049	-0.0128069	-0.0438996	-0.0650986	-0.00299608	-0.0273369	-0.0321802	-0.0206036	-0.03994	-0.0130194	0.0245285	-0.00407627	-0.00230225	0.0187022	-0.0125925	0.022152	0.0273476	0.0493802	0.0311962	-0.00032387	-0.00898448	-0.0419705	-0.0239572	0.0186835	-0.0205702	-0.0698873	-0.0329959	-0.0096115	0.0345252	0.0437763	0.0525799	0.0408882	-0.00197198	0.0162159	0.0306182	0.00202319	0.0222106	-0.0174725	-0.0282924	-0.00373573	-0.0451895	-0.00779829
-0.12424	-0.128046	-0.0938541	0.0204591	0.0299204	0.0469484	0.0415468	0.0453942	0.0403599	0.0244252	0.0290129	-0.00450175	1.0259	-0.0280325	0.0285167	0.047405	0.00521991	-0.0626973	0.0111483	0.0177263	-0.0224565	-0.0847309	-0.129601	-0.0989695	-0.0684493	-0.113884	0.0198682	0.0178513	-0.0214356	0.011421	0.0118921	0.036885	-0.0126631	0.0228063	0.0359376	0.0430237	-0.0238648	-0.0073188	0.0230168	0.0266458	-0.00918455	-0.012795	-0.0711347	-0.0220197	-0.0698325	-0.0689859	-0.0533247	-0.0580929	-0.0202575	-0.0157054	-0.0248582	-0.0354644	-0.0116788	-0.0193442	-0.0221268	-0.0352662	0.0505925	0.0167691	0.0861816	0.00615331	0.0353005	0.0375208	0.0256379	0.0206143	0.016017	-0.0137201	-0.0161309	0.0129728	0.0188461	-0.044468	-0.0428825	-0.0596705	-0.0521802	-0.0297879	-0.0268558	0.0692312	0.00544755	0.0275616	-0.05058	0.0253589	0.00954303	-0.036412	0.0159226	-0.00917993	-0.0169611	-0.0649099	-0.0538862	-0.0502048	-0.0494076
-0.160152	-0.158591	-0.162077	0.0796097	0.0510769	-0.0239414	0.0191005	0.0792882	0.0749485	0.121691	0.0327135	-0.034692	-0.0280325	1.03867	0.0398552	0.0291896	0.0570487	0.0398046	-0.0278534	-0.0335481	0.0318718	-0.139422	-0.123892	-0.134327	-0.126668	-0.14056	-0.00977899	0.0451323	0.0410671	0.0225813	-0.00921878	0.0364323	0.00694054	0.0488144	0.0532452	0.0644174	0.0542461	-0.0459103	-0.0269138	0.00819003	0.0149422	-0.0442991	-0.0867648	-0.0314165	-0.0680355	-0.107126	-0.130638	-0.106202	-0.0981489	-0.0634437	-0.0444124	-0.00980601	-0.0877948	0.02824	-0.011823	-0.0329541	0.0602272	0.0140226	0.00959315	0.0615162	0.0148542	0.0726075	0.00786346	0.0501061	0.0392169	0.0495832	-0.0188662	0.0155207	-0.0298615	-0.0247952	0.0318394	-0.0779701	-0.0947312	-0.112212	-0.0731883	0.0277826	0.00556755	0.0223111	0.0510775	0.0577001	0.00424788	0.0232166	-0.0377758	0.0303619	-0.00141989	0.0278754	-0.0327298	-0.0355916	-5.25479e-05
-0.205848	-0.188099	-0.147325	0.0609043	0.0718821	0.0720491	0.0402592	0.164764	0.157458	0.0261176	0.0274205	0.029444	0.0285167	0.0398552	1.0122	0.0209675	0.0102232	0.0209226	-0.00976336	0.00469846	0.0176282	-0.143158	-0.135099	-0.114415	-0.15641	-0.117124	0.0614834	0.0712144	0.0152839	-0.00672941	0.0103354	0.0193211	0.083869	0.0908694	0.0561183	0.0165746	-0.00697228	0.0159557	-0.0116835	-0.0123998	-0.0356262	-0.0535429	-0.0299701	-0.00463342	-0.094449	-0.0973764	-0.0636595	-0.125572	-0.0350051	-0.0150209	-0.0232177	-0.0219789	-0.0505518	-0.0424235	-0.0649048	-0.0701208	0.0345043	0.0330966	0.0524738	-0.00073668	0.0280885	-0.0216308	0.0454936	0.015716	0.0248137	0.0466363	-0.0338755	0.00905403	-0.00906144	-0.0135215	0.0140887	-0.0847982	-0.125211	-0.116765	-0.0744151	0.0178112	-0.00324442	0.00100397	0.0117081	-0.00195676	-0.0122538	-0.015853	0.0565393	0.020378	-0.0112359	-0.0281472	-0.0294057	-0.0217386	-0.026507
-0.124614	-0.121341	-0.0946938	0.0157551	0.0564884	0.0160151	0.0550376	0.00336567	0.00505683	0.0447823	0.0429204	-0.00779138	0.047405	0.0291896	0.0209675	0.964106	0.00137007	-0.0525545	0.0415517	-0.0153686	-0.0331025	-0.132725	-0.109507	-0.0879792	-0.074112	-0.0997062	0.0121723	0.060207	0.0301662	-0.0253008	0.0738756	0.0172799	0.0299589	0.0591227	0.0500428	0.016483	-0.00830167	-0.00531041	-0.0228948	0.0415706	-0.0176636	-0.0472708	-0.0555267	-0.0282812	-0.0435657	-0.0687908	-0.0919297	-0.0622766	-0.0327887	-0.00802768	-0.0216276	-0.0290919	-0.027901	-0.0306847	-0.0488763	-0.0371479	0.00490192	0.00354842	0.0603001	0.000327466	0.0167345	-0.0211795	-0.0232732	-0.00167962	-0.00990413	0.012425	-0.00327942	-0.00981168	0.00205358	-0.0242243	0.00617905	-0.0557457	-0.0848663	-0.0589334	-0.0867109	0.0221503	0.0157364	0.0540856	-0.017537	0.0403211	0.0209642	0.033667	0.0146384	0.0638456	-0.00129869	-0.0218667	-0.0329252	-0.0288147	-0.0130976
-0.12728	-0.161692	-0.143706	0.0643151	0.0621011	0.0501235	0.10463	0.0434147	0.0451026	0.0151198	0.0685318	0.0462171	0.00521991	0.0570487	0.0102232	0.00137007	0.962074	0.0497466	0.0121011	-0.0214766	-0.0746038	-0.124626	-0.12987	-0.132569	-0.146389	-0.145784	0.027092	-0.00413629	0.0156273	0.036728	0.0139684	0.046463	0.0825081	0.054081	0.0664438	0.0567917	-0.0449634	-0.0194054	0.0177244	0.0082197	0.0392057	-0.0587336	-0.080405	-0.0674774	-0.111222	-0.116977	-0.112125	-0.0952097	-0.0535093	-0.0247311	-0.0229344	-0.00409916	-0.0216008	-0.0732779	-0.0460916	-0.0620712	-0.00731305	0.0107766	0.0247821	-0.0290013	0.0470209	0.00391643	0.0241634	0.0480547	0.0397709	0.00529843	0.012846	0.0201303	-0.0133464	-0.0188012	-0.00227338	-0.0999619	-0.0972837	-0.0943983	-0.0645649	0.0281044	0.0344933	0.036173	0.0470285	-0.0112403	0.0566117	0.0679947	0.0660141	0.0592174	-0.0404469	-0.0212352	-0.00800492	-0.0129556	0.000657131
-0.0871558	-0.103532	-0.088809	-0.047708	0.00298832	0.000641787	0.0225258	-0.0198558	-0.0213464	-0.00454101	0.0317508	0.0136548	-0.0626973	0.0398046	0.0209226	-0.0525545	0.0497466	1.04521	0.0604766	0.0530195	0.0724836	-0.104115	-0.0643187	-0.0971979	-0.0573689	-0.053348	-0.0579014	-0.0521533	-0.0117773	0.0228804	0.0160351	-0.00940047	-0.0254882	-0.019013	0.00431708	-0.0243781	0.00341857	0.0265316	-0.0267526	-0.0405056	0.008995	-0.0334525	-0.0291682	-0.0255655	-0.058221	-0.0390103	0.0140239	-0.0888745	-0.0103042	0.00527427	-0.0261083	0.020049	-0.0257678	0.0553394	-0.043358	0.013796	-0.0602276	-0.00312525	-0.000508346	-0.00152923	-0.0144922	-0.024152	-0.0054748	0.0386401	0.00581084	-0.0513793	-0.0265521	0.0171306	0.0358914	-0.0385447	0.0473923	-0.0180772	-0.00141568	-0.0179769	-0.0228816	-0.0442275	-0.0503269	-0.0233714	-0.0138041	0.0273209	0.022228	0.0144004	-0.0315255	0.0232759	-0.00173082	0.00463983	0.0144673	0.00938873	0.03637
-0.0998726	-0.072205	-0.0998059	0.000522907	-0.0199439	-0.000771545	-0.0126072	-0.00933214	-0.0078346	-0.0273241	0.0349056	0.00415219	0.0111483	-0.0278534	-0.00976336	0.0415517	0.0121011	0.0604766	1.03745	0.043677	0.0404624	-0.0628589	-0.0743927	-0.0592198	-0.0402632	-0.0821683	-0.0178127	-0.0449559	0.0294499	-0.00205684	-0.0496721	0.0214962	0.0298959	-0.00758763	-0.0498296	0.0201444	-0.0198587	-0.0178368	0.040948	-0.0061559	0.0945096	-0.0655139	-0.0404335	0.0197232	-0.0478713	-0.0335786	-0.0543036	0.00866501	-0.0247211	-0.00792142	0.0527592	-0.0073956	0.0281467	0.0159096	-0.0248675	0.0206318	-0.00516452	-0.0202476	0.0220285	-0.0217895	-0.0270726	-0.0363517	-0.0132391	-0.0169898	0.00903024	-0.00170531	-0.028853	-0.0215485	0.0185883	0.0202549	-0.0249983	-0.02887	0.0471134	0.0103693	0.00487829	-0.0273699	-0.0334402	-0.0520848	-0.0374756	-0.000704587	-0.0136328	-0.0422896	0.00158056	-0.0680894	0.0136789	-0.0335664	-0.0076375	-0.0356736	-0.0291151
-0.115547	-0.100251	-0.0790667	-0.0298908	0.0600929	-0.0256432	0.0380662	-0.0559448	-0.0637674	0.00959404	0.0094791	-0.0226868	0.0177263	-0.0335481	0.00469846	-0.0153686	-0.0214766	0.0530195	0.043677	0.988507	0.17607	-0.0953517	-0.0640009	-0.0853219	-0.0673221	-0.0619456	-0.0726844	-0.0139942	0.036587	0.00745872	0.0025734	0.0273967	0.00353408	0.000319245	-0.0135151	0.0581664	-0.0285755	0.0158686	-0.0120763	0.0119109	-0.0148491	-0.0262447	0.0143368	0.00808222	-0.0710947	-0.0441354	-0.0331244	-0.0485628	-0.0680553	0.00988422	0.000962728	-0.0833072	-0.0255551	-0.0232319	-0.0460863	-0.0267639	-0.0152687	0.00480565	-0.0715121	0.0329965	0.0314409	0.0271064	-0.0110341	-0.0268183	-0.0115952	-0.0409177	-0.00443065	0.0215169	0.0430373	-0.00456896	0.0252943	-0.0185411	-0.0340857	-0.00146777	-0.00343733	0.0237873	-0.00211355	-0.0379934	0.00167009	-0.0820986	0.0205794	0.00320643	0.028181	0.0263819	0.0221498	-0.0339059	-0.0132886	0.0590955	-0.0128154
-0.112489	-0.0833121	-0.0816255	-0.0500522	-0.0209098	0.0372579	-0.0225986	-0.0557423	-0.0540907	-0.00115476	0.0277217	-0.026772	-0.0224565	0.0318718	0.0176282	-0.0331025	-0.0746038	0.0724836	0.0404624	0.17607	1.09589	-0.0837033	-0.0375762	-0.0767846	-0.0633169	-0.086821	-0.0225211	-0.0213981	0.043633	-0.0263374	0.022407	0.008819	-0.0245204	0.00914831	0.027106	0.0268329	-0.0162913	0.0323887	0.00339499	0.00501867	-0.0109645	0.0449338	0.00671909	0.0034404	-0.00755749	-0.0241396	-0.0281528	-0.062617	0.00545538	0.0294308	-0.025286	0.00223092	0.00314095	0.000347253	-0.0247901	-0.0458458	-0.0318418	-0.00658008	0.0153983	-0.00054279	-0.00932163	0.039954	0.0356502	-0.0413119	-0.0120031	-0.0308949	-0.0474615	-0.0524534	0.00368407	-0.00881449	-0.0133472	-0.0053753	-0.0325012	-0.0251034	0.0147399	-0.0103922	-0.0478538	-0.0167612	-0.0404336	-0.0264164	0.0223675	-0.0455806	-0.0115426	-0.0213272	-0.0265458	-0.023546	0.00505236	-0.0128593	-0.03353
0.653192	0.695253	0.647059	-0.107021	-0.143176	-0.0970773	-0.0845192	-0.0827452	-0.0798939	-0.115026	-0.140292	-0.106837	-0.0847309	-0.139422	-0.143158	-0.132725	-0.124626	-0.104115	-0.0628589	-0.0953517	-0.0837033	1.37593	0.595717	0.734558	0.686313	0.611475	-0.0902404	-0.10978	-0.113796	-0.0501606	-0.0855992	-0.155341	-0.146643	-0.106044	-0.144745	-0.0947507	-0.111911	-0.0701246	-0.101466	-0.0476306	-0.0323978	-0.00640239	0.000727853	0.0114318	0.1701	0.152941	0.157843	0.153725	0.0220905	-0.00592769	-0.00412292	-0.0485172	-0.0582063	-0.0811323	-0.0260069	-0.0226923	-0.0934988	-0.0930888	-0.0100067	-0.0420278	-0.0782008	-0.0787085	-0.0786595	-0.097022	-0.0828983	-0.070091	-0.135657	-0.140292	-0.114512	-0.0947732	-0.123297	0.0478686	0.0152482	0.00681221	0.0187469	-0.13545	-0.0901758	-0.124427	-0.129057	-0.103212	-0.147548	-0.100911	-0.179494	-0.135344	-0.124455	-0.119497	-0.0975777	-0.0853114	-0.110572
0.753341	0.662254	0.706256	-0.133612	-0.155423	-0.128504	-0.100606	-0.0981619	-0.09627	-0.142935	-0.159377	-0.098489	-0.129601	-0.123892	-0.135099	-0.109507	-0.12987	-0.0643187	-0.0743927	-0.0640009	-0.0375762	0.595717	1.44494	0.679113	0.64447	0.673216	-0.0944175	-0.0987075	-0.117665	-0.0777307	-0.109988	-0.17122	-0.135665	-0.131817	-0.132527	-0.175161	-0.0453661	-0.0500209	-0.0957972	-0.0319846	-0.0511326	0.0290474	-0.000412919	-0.0222655	0.166438	0.190192	0.130342	0.167529	-0.00287343	-0.062156	0.0132558	-0.0557075	-0.0170975	-0.0708127	-0.0272427	-0.022142	-0.119441	-0.0965157	-0.0967984	-0.0843157	-0.0719196	-0.113447	-0.0657638	-0.0992942	-0.114516	-0.10553	-0.109891	-0.120096	-0.0748431	-0.0599885	-0.116561	0.0789891	0.0707582	-0.0128111	0.0330626	-0.148855	-0.0983362	-0.135865	-0.114118	-0.143232	-0.12991	-0.130262	-0.171486	-0.173134	-0.0908554	-0.109098	-0.0938032	-0.069726	-0.0979409
0.726707	0.696903	0.684335	-0.121505	-0.12135	-0.119421	-0.128955	-0.0917149	-0.0898292	-0.0995804	-0.129906	-0.117458	-0.0989695	-0.134327	-0.114415	-0.0879792	-0.132569	-0.0971979	-0.0592198	-0.0853219	-0.0767846	0.734558	0.679113	1.61455	0.714668	0.772605	-0.0760321	-0.130177	-0.0766908	-0.0517274	-0.11348	-0.127634	-0.167079	-0.12513	-0.122138	-0.131939	-0.0862918	-0.083544	-0.108254	-0.0817772	-0.0291687	0.00675244	-0.0278763	-0.0314648	0.10018	0.14744	0.152447	0.182018	0.0279885	-0.00873337	-0.00600096	-0.0623844	-0.0511613	-0.0834669	-0.0380995	-0.0694483	-0.114219	-0.0997283	-0.0215204	-0.103712	-0.0877231	-0.123651	-0.0900564	-0.0891287	-0.097388	-0.109555	-0.158085	-0.163194	-0.160869	-0.120307	-0.112168	0.0218021	-0.00708307	0.0260493	-0.0553643	-0.166748	-0.106665	-0.0546998	-0.0986402	-0.107222	-0.116203	-0.137584	-0.152646	-0.16674	-0.117069	-0.125703	-0.0847223	-0.105468	-0.136249
0.721398	0.679339	0.643168	-0.106339	-0.148172	-0.118493	-0.114787	-0.123102	-0.121214	-0.15248	-0.149747	-0.10232	-0.0684493	-0.126668	-0.15641	-0.074112	-0.146389	-0.0573689	-0.0402632	-0.0673221	-0.0633169	0.686313	0.64447	0.714668	1.45657	0.647533	-0.0850608	-0.1401	-0.0813072	-0.0938875	-0.0792078	-0.175583	-0.145341	-0.17626	-0.180088	-0.156858	-0.104213	-0.045776	-0.114708	-0.0632442	-0.0247936	0.0591624	0.0527236	-0.0222291	0.149612	0.148289	0.151051	0.223731	0.0195787	0.0046759	0.0032861	-0.0353375	-0.054291	-0.0257711	-0.0586013	-0.0183217	-0.137975	-0.0765906	-0.0657143	-0.00842951	-0.0906862	-0.0810895	-0.100273	-0.0825785	-0.0882957	-0.0869492	-0.120163	-0.140337	-0.0923148	-0.146104	-0.122751	0.0282458	0.0311345	0.012058	0.00384622	-0.136661	-0.11829	-0.149797	-0.156341	-0.131967	-0.148187	-0.127525	-0.117174	-0.130004	-0.103876	-0.0894652	-0.0785923	-0.116638	-0.116655
0.699305	0.710229	0.707115	-0.0987849	-0.129316	-0.145833	-0.11029	-0.139804	-0.140984	-0.118351	-0.150125	-0.114325	-0.113884	-0.14056	-0.117124	-0.0997062	-0.145784	-0.053348	-0.0821683	-0.0619456	-0.086821	0.611475	0.673216	0.772605	0.647533	1.42391	-0.121163	-0.122432	-0.114254	-0.0435315	-0.124263	-0.146858	-0.151886	-0.151408	-0.139176	-0.15781	-0.0813639	-0.084274	-0.0799154	-0.075637	-0.0408305	0.0613745	0.0289759	-0.0380337	0.175585	0.208297	0.196676	0.116461	0.0126562	-0.0355892	-0.0166361	-0.00935778	-0.00579229	-0.0617387	-0.0786321	-0.0493389	-0.081775	-0.0748924	-0.0336015	-0.0180719	-0.113001	-0.0415791	-0.116688	-0.0780144	-0.0850899	-0.062692	-0.131094	-0.13612	-0.100035	-0.131446	-0.120449	0.0217506	0.0462514	-0.0261053	-0.040645	-0.112793	-0.151999	-0.128184	-0.123663	-0.127335	-0.14582	-0.13134	-0.185986	-0.14577	-0.104869	-0.0837091	-0.0452339	-0.08389	-0.0691346
-0.138053	-0.126868	-0.0753548	0.00875791	-0.00265846	0.0322776	0.0172358	0.0819989	0.0835093	0.0558478	0.00340289	0.00551056	0.0198682	-0.00977899	0.0614834	0.0121723	0.027092	-0.0579014	-0.0178127	-0.0726844	-0.0225211	-0.0902404	-0.0944175	-0.0760321	-0.0850608	-0.121163	1.10368	0.0929852	0.0747784	0.0217783	-0.0137277	-0.00422686	0.0391721	-0.0456281	0.0405104	0.0251692	-0.000127089	0.0175701	0.00846212	-0.00184647	-0.0153822	-0.0352547	0.0375249	-0.0252085	-0.0739971	-0.0908332	-0.0564947	-0.0901119	0.00112569	-0.0529539	0.00283624	-0.0316222	-0.0106014	-0.0391571	0.00619551	-0.0216965	0.011109	0.0413859	0.0443441	0.0618616	0.0249205	0.0138573	0.0465924	0.0276934	0.0744071	0.000907783	-0.0174592	0.030033	-0.0225255	-0.0201416	0.0263605	-0.0907173	-0.108995	-0.0938576	-0.0590675	-0.0409189	0.0146259	-0.018473	-0.0486381	-0.0611914	-0.00558465	0.0207871	0.0597027	0.0384553	-0.0553649	-0.0679856	-0.0586515	-0.0445378	-0.0590852
-0.152805	-0.141493	-0.0837115	0.0040918	0.0481309	0.017365	-0.00191736	0.0434025	0.0451828	0.00119515	0.0225204	-0.0240971	0.0178513	0.0451323	0.0712144	0.060207	-0.00413629	-0.0521533	-0.0449559	-0.0139942	-0.0213981	-0.10978	-0.0987075	-0.130177	-0.1401	-0.122432	0.0929852	1.03291	0.0234583	-0.0244888	0.0828499	-0.008231	0.0320978	0.0247272	0.0111304	-0.0243446	0.117235	-0.0272791	-0.0127698	-0.0105335	0.0182794	0.0315892	-0.0472333	-0.0509083	-0.0763122	-0.101848	-0.142547	-0.033179	-0.00935286	-0.0334222	-0.0339235	-0.0449541	-0.0322635	-0.0252092	0.0298922	-0.0498604	0.0867747	0.0285106	0.0609493	0.0276182	0.0594279	0.027991	0.0758432	0.023672	0.0440848	0.0496626	-0.0106719	-0.0252934	-0.0488598	-0.00949642	0.0358557	-0.0706829	-0.0821678	-0.0754176	-0.0385441	-0.00956904	0.0262147	-0.03546	-0.0351887	-0.0110802	-0.0177702	0.0299556	0.0247489	0.0484486	-0.00962442	-0.0598061	-0.0544602	-0.0423017	-0.00528924
-0.12269	-0.0861129	-0.0745408	-0.0222683	-0.00291971	0.0436415	0.0273152	-0.00666021	-0.00496352	0.0269556	-0.0229295	0.055833	-0.0214356	0.0410671	0.0152839	0.0301662	0.0156273	-0.0117773	0.0294499	0.036587	0.043633	-0.113796	-0.117665	-0.0766908	-0.0813072	-0.114254	0.0747784	0.0234583	1.05701	-0.0200752	0.0620333	0.0235981	0.0392545	-0.0283868	-0.0407934	-0.0409753	-0.00251615	0.00949937	0.0452138	0.000644741	0.0231771	-0.010668	-0.0692991	-0.0427224	-0.06591	-0.0677591	-0.058838	-0.0403572	-0.0100499	-0.00519172	-0.0190361	-0.02451	0.00378223	-0.0107319	0.00482152	0.0158196	0.0265808	0.0499655	-0.0297853	0.0284338	0.0534463	0.0417406	0.040787	0.040398	0.050881	0.022601	-0.0224191	-0.0130806	-0.0166265	-0.0306378	-0.0625629	-0.0522543	-0.0914249	-0.0259298	-0.0180058	-0.002565	-0.0165275	-0.0316879	0.0355271	0.00655188	-0.00488793	-0.033976	-0.0363049	-0.00791051	-0.044536	-0.0486383	-0.0503914	-0.0393895	-0.056687
-0.0844401	-0.143237	-0.13134	0.0266668	0.0197584	0.016945	0.0443541	0.0110613	0.0157041	0.0147558	0.0103044	-0.000819963	0.011421	0.0225813	-0.00672941	-0.0253008	0.036728	0.0228804	-0.00205684	0.00745872	-0.0263374	-0.0501606	-0.0777307	-0.0517274	-0.0938875	-0.0435315	0.0217783	-0.0244888	-0.0200752	0.938517	0.0436894	0.0457076	-0.0191585	-0.010826	-0.0357412	0.0332574	-0.0205556	0.0569719	-0.0401119	0.0135418	-0.00980139	0.0123663	-0.0126104	0.031389	-0.0211007	-0.0365382	-0.0505438	-0.0480122	-0.0163147	0.00812425	0.00590963	-0.0231783	0.0270161	0.0632442	0.00525191	0.0293727	0.00793651	0.0353468	0.0116232	0.0360302	-0.0264456	0.0313151	0.00712006	0.0315243	0.0157707	0.0193905	-0.0339647	-0.0219506	-0.00282908	0.00362257	-0.0355712	-0.113679	-0.0356345	-0.0520526	-0.00136494	-0.0386054	-0.0227073	-0.0537864	-0.0135115	0.014507	-0.0406996	-0.0475714	-0.0141299	-0.0317418	-0.0507787	0.00658189	-0.0212907	-0.0423198	-0.0399065
-0.116785	-0.120099	-0.0805843	0.0968417	-0.0211776	0.0171753	0.00408117	-0.0250647	-0.0233365	0.0347262	0.0354511	-0.00646033	0.0118921	-0.00921878	0.0103354	0.0738756	0.0139684	0.0160351	-0.0496721	0.0025734	0.022407	-0.0855992	-0.109988	-0.11348	-0.0792078	-0.124263	-0.0137277	0.0828499	0.0620333	0.0436894	1.05218	0.0326252	-0.0158991	0.0710189	0.0350175	-0.029868	-0.015451	0.00827948	-0.029552	-0.0188797	0.0250915	0.0115661	-0.0168211	-0.0333776	-0.0335202	-0.070313	-0.0867774	-0.04647	-0.0565655	0.0214352	-0.0135828	-0.0187527	-0.0109915	0.0219371	0.0408879	-0.0746593	0.0430085	0.0324695	0.0171591	-0.0274164	0.0693283	0.0356495	0.0490438	0.0250637	-0.0148069	0.0470603	-0.0284282	-0.0152338	-0.0583334	-0.0279759	0.0096328	-0.0394544	-0.0826455	-0.049423	-0.0206299	-0.0581466	-0.0157189	-0.0200236	-0.0227916	0.0399576	0.0169804	-0.0173931	-0.0120728	0.0135317	-0.0414316	-0.0687403	-0.0537968	-0.0299686	-0.0214012
-0.174181	-0.142374	-0.149185	0.0516405	0.0340535	0.0470364	0.000295752	0.0127829	0.00169325	0.0445289	0.0423511	0.00489233	0.036885	0.0364323	0.0193211	0.0172799	0.046463	-0.00940047	0.0214962	0.0273967	0.008819	-0.155341	-0.17122	-0.127634	-0.175583	-0.146858	-0.00422686	-0.008231	0.0235981	0.0457076	0.0326252	1.03175	0.0638456	0.114364	0.165108	0.10609	-0.0133661	-0.00280423	-0.0188746	-0.0251514	-0.0179563	-0.0437058	-0.0217626	-0.0744091	-0.0785421	-0.0797229	-0.125643	-0.0982227	-0.0220005	-0.00843886	-0.0997845	-0.0294618	-0.0657201	-0.0602089	-0.0689844	-0.0198487	-0.0343369	-0.0218474	-0.037824	-0.0204975	-0.0357673	-0.0262008	0.0257515	-0.00249681	-0.00819805	-0.0151565	-0.0265344	0.0610806	0.0497517	0.0191328	0.084324	-0.110899	-0.0589886	-0.0810148	-0.058108	0.0343382	0.0385753	0.0925926	0.0403196	0.0915481	0.0446926	0.0618541	0.0363578	0.0742518	0.00707246	0.0100896	-0.0146201	-0.0409148	-0.0328827
-0.200715	-0.194098	-0.158968	-0.0146423	0.0610384	-0.00326984	0.0280965	-0.00762508	-0.0117766	0.034876	0.0387156	-0.0100082	-0.0126631	0.00694054	0.083869	0.0299589	0.0825081	-0.0254882	0.0298959	0.00353408	-0.0245204	-0.146643	-0.135665	-0.167079	-0.145341	-0.151886	0.0391721	0.0320978	0.0392545	-0.0191585	-0.0158991	0.0638456	1.0813	0.0884401	0.0896541	0.0892262	-0.0456724	-0.0304076	0.00131962	0.0063326	-0.00527884	-0.0626784	-0.0482574	-0.0196952	-0.0912822	-0.110689	-0.077219	-0.0353916	-0.0549462	-0.0838348	-0.0152034	-0.0446703	-0.057779	-0.0364981	-0.0367971	-0.0489192	0.0141916	0.00347196	-0.0298392	-0.0326311	-0.0356298	-0.0423469	0.00104669	-0.00377495	0.00394439	-0.00137179	0.0285708	0.00499125	0.0237113	0.0413353	0.060441	-0.0971656	-0.0332553	-0.115072	-0.0680778	0.0140196	0.0161037	0.0296036	0.0556052	0.00696652	0.0884489	0.149185	0.0842544	0.0927574	0.0312491	0.0711216	0.0305562	-0.0100147	-0.027135
-0.151816	-0.157908	-0.147737	0.0248443	0.028819	0.0154219	0.00634486	0.032807	0.0286689	0.0197451	0.0923492	0.0770509	0.0228063	0.0488144	0.0908694	0.0591227	0.054081	-0.019013	-0.00758763	0.000319245	0.00914831	-0.106044	-0.131817	-0.12513	-0.17626	-0.151408	-0.0456281	0.0247272	-0.0283868	-0.010826	0.0710189	0.114364	0.0884401	1.05029	0.11705	0.085585	-0.027581	-0.0360048	0.012735	-0.0918475	-0.0142488	-0.0972414	-0.0580044	-0.0713255	-0.098934	-0.098027	-0.125204	-0.0997898	-0.0539618	-0.0337117	-0.0544187	-0.0518128	-0.0474205	-0.0637172	-0.0377719	-0.0312859	-0.0375457	-0.0157147	-0.034444	-0.0401797	-0.0166224	-0.0408467	0.0120209	0.000758326	0.0773403	0.00163978	0.0523326	-0.026169	-0.0267916	0.0565267	-0.0161294	-0.0949394	-0.0685314	-0.103898	-0.0736615	0.0447568	0.101202	0.0618588	0.0424751	0.0224457	0.0856547	0.0648703	0.0616431	0.132559	0.0222691	-0.000939151	-0.0143311	-0.0170494	-0.0040597
-0.13403	-0.16728	-0.154033	0.00693019	0.0161809	-0.00893557	0.00394776	0.0519592	0.0471129	0.0120366	0.00801358	0.0191072	0.0359376	0.0532452	0.0561183	0.0500428	0.0664438	0.00431708	-0.0498296	-0.0135151	0.027106	-0.144745	-0.132527	-0.122138	-0.180088	-0.139176	0.0405104	0.0111304	-0.0407934	-0.0357412	0.0350175	0.165108	0.0896541	0.11705	1.12692	0.0991687	-0.0504667	-0.0496388	-0.00729906	0.0442224	-0.0832828	-0.0578365	-0.0252515	-0.0357478	-0.135547	-0.11421	-0.138355	-0.113773	-0.03011	-0.0612525	-0.035966	-0.0532244	-0.0731854	-0.0657466	-0.0280664	-0.109509	-0.0233851	-0.0117559	-0.04473	-0.0543874	0.0240623	0.0041704	-0.000896716	-0.00212086	-0.0184859	-0.0377977	0.0464348	-0.00821536	-0.0115379	0.0361119	0.0329224	-0.0747165	-0.0972683	-0.0621979	-0.0928615	0.0292073	0.0715407	0.109011	-0.00297884	0.0622509	0.0371762	0.0567999	0.119807	0.0749858	0.0273299	0.0413081	-0.00296089	0.01298	0.0799002
-0.15167	-0.140847	-0.162911	0.0146333	0.0384609	-0.00926768	0.0408621	0.0273774	0.0290886	0.0402005	0.117894	0.0104423	0.0430237	0.0644174	0.0165746	0.016483	0.0567917	-0.0243781	0.0201444	0.0581664	0.0268329	-0.0947507	-0.175161	-0.131939	-0.156858	-0.15781	0.0251692	-0.0243446	-0.0409753	0.0332574	-0.029868	0.10609	0.0892262	0.085585	0.0991687	1.08978	-0.022746	-0.0500043	-0.0180176	0.0010784	-0.0545834	-0.0275138	-0.0559707	-0.0492709	-0.178015	-0.186735	-0.134108	-0.15636	-0.0672326	-0.068452	-0.0519185	-0.00614298	-0.0536367	-0.0148651	-0.0444971	-0.0502906	0.0248291	0.0118989	-0.0191395	-0.0359017	-0.0192695	0.0131389	-0.0502079	0.00204244	-0.0129453	-0.00913982	0.0426602	0.0574868	-0.0103556	-0.00145419	0.0379162	-0.0939777	-0.0884731	-0.0929522	-0.105823	0.0149154	0.0764504	0.11029	0.040547	0.106065	0.0649666	0.0808272	0.0592901	0.0700807	0.0234596	0.0526256	-0.0213904	0.0215758	0.00834337
-0.118082	-0.131925	-0.0847059	-0.0391896	-0.026153	0.0304573	-0.0399492	-0.00872294	-0.00703507	0.028069	-0.0276196	0.0222737	-0.0238648	0.0542461	-0.00697228	-0.00830167	-0.0449634	0.00341857	-0.0198587	-0.0285755	-0.0162913	-0.111911	-0.0453661	-0.0862918	-0.104213	-0.0813639	-0.000127089	0.117235	-0.00251615	-0.0205556	-0.015451	-0.0133661	-0.0456724	-0.027581	-0.0504667	-0.022746	1.07232	-0.0153043	0.0730685	-0.0243954	0.0517538	0.0342324	-0.00228558	0.0151419	0.02031	0.0316227	-0.0274287	0.0287424	0.0422756	0.00345801	0.0404298	0.0950772	0.0306313	0.024552	0.0388514	-0.0171232	0.0365814	0.0158253	0.0457193	-0.00391204	0.0432528	0.0192885	-0.0345842	0.0223891	-0.0128682	0.0445632	-0.0224949	-0.00473914	-0.0440236	-0.0326086	-0.0434857	0.0548124	0.00804518	-0.0193542	-0.0580299	-0.0419074	-0.0642999	-0.0571943	-0.0169463	-0.0188983	-0.00162624	-0.0103085	-0.0395731	-0.0586452	-0.0708888	-0.0730388	-0.0467632	-0.0231408	-0.0330003
-0.0997301	-0.0959942	-0.119623	0.0399373	-0.0574399	-0.0245886	0.0276299	0.00492697	0.0064216	-0.0443301	-0.00347591	-0.0279378	-0.0073188	-0.0459103	0.0159557	-0.00531041	-0.0194054	0.0265316	-0.0178368	0.0158686	0.0323887	-0.0701246	-0.0500209	-0.083544	-0.045776	-0.084274	0.0175701	-0.0272791	0.00949937	0.0569719	0.00827948	-0.00280423	-0.0304076	-0.0360048	-0.0496388	-0.0500043	-0.0153043	1.01945	0.0213161	0.0510051	0.0334064	-0.0228496	0.0594358	0.0497875	0.0742538	0.0233535	0.0048914	-0.00278752	0.0283389	0.032461	-0.00294489	0.0540222	0.0469158	0.0729182	0.0141691	0.0208487	0.0242873	-0.0114439	-0.0112409	0.00845675	0.0445419	0.0564356	0.0189656	-0.000806046	-0.0376396	0.0146747	-0.0429003	-0.0270957	-0.0631228	-0.0710812	-0.0399377	-0.0527732	-0.084549	0.0150045	-0.0160335	0.00778061	0.0121524	-0.0189742	-0.0120667	-0.0382262	-0.00970659	-0.0213728	-0.0240665	-0.0582812	-0.0745258	-0.0631718	-0.0696295	-0.040932	-0.0602174
-0.159791	-0.108178	-0.147111	0.0277905	-0.00556621	0.0153803	-0.00909975	-0.0143038	-0.0124471	-0.00826866	-0.0013686	0.019769	0.0230168	-0.0269138	-0.0116835	-0.0228948	0.0177244	-0.0267526	0.040948	-0.0120763	0.00339499	-0.101466	-0.0957972	-0.108254	-0.114708	-0.0799154	0.00846212	-0.0127698	0.0452138	-0.0401119	-0.029552	-0.0188746	0.00131962	0.012735	-0.00729906	-0.0180176	0.0730685	0.0213161	1.1218	0.000816516	0.0585993	0.00562219	0.0183664	0.0389643	-0.043817	-0.00410946	-0.0479773	0.0776956	-0.0166604	0.065699	0.043838	-0.0087883	0.0581435	0.00835451	-0.0556551	0.0273407	0.0216196	0.0347968	0.0323378	0.0260558	-0.0204877	0.0187502	0.0520626	0.00163153	0.0117471	-0.00606536	0.0255255	-0.0220163	-0.038309	-0.00343648	-0.0600046	-0.0913778	-0.0645217	-0.0576806	-0.0795575	-0.0141674	0.0162744	-0.00891196	-0.0569387	-0.0173607	0.00688675	0.00713444	0.0101686	-0.0374912	-0.0342268	-0.0368531	-0.0413819	-0.040088	-0.0253904
-0.108775	-0.0955491	-0.148412	-0.0722735	-0.0364942	-0.0471911	-0.0305885	-0.0302854	-0.0285943	0.0301226	0.00107001	-0.0153177	0.0266458	0.00819003	-0.0123998	0.0415706	0.0082197	-0.0405056	-0.0061559	0.0119109	0.00501867	-0.0476306	-0.0319846	-0.0817772	-0.0632442	-0.075637	-0.00184647	-0.0105335	0.000644741	0.0135418	-0.0188797	-0.0251514	0.0063326	-0.0918475	0.0442224	0.0010784	-0.0243954	0.0510051	0.000816516	0.944157	0.0423159	-0.0197181	0.0315425	-0.00799921	0.0119947	0.0110974	0.0207003	0.0402708	0.039581	0.024466	0.01927	0.0786494	0.0501793	0.0692978	-0.00482064	0.0175216	0.0242388	0.0198803	0.00587779	0.00759685	-0.00223406	0.00876735	0.0569409	-0.0368364	-0.0140421	0.0315358	-0.02808	0.00832034	-0.0449082	-0.0540054	-0.0371675	0.0218271	-0.0479813	-0.0143989	-0.0153501	-0.0138275	-0.0240405	-0.0493513	0.0163983	-0.0391291	-0.0296228	-0.0290327	-0.021236	-0.022726	-0.0523665	-0.0323167	-0.0147106	-0.0111627	-0.0655659
-0.0350502	-0.0208381	-0.0270649	0.0128542	-0.0271334	0.00437001	-0.0296282	-0.0510941	-0.0496014	-0.033569	-0.0079358	-0.0532204	-0.00918455	0.0149422	-0.0356262	-0.0176636	0.0392057	0.008995	0.0945096	-0.0148491	-0.0109645	-0.0323978	-0.0511326	-0.0291687	-0.0247936	-0.0408305	-0.0153822	0.0182794	0.0231771	-0.00980139	0.0250915	-0.0179563	-0.00527884	-0.0142488	-0.0832828	-0.0545834	0.0517538	0.0334064	0.0585993	0.0423159	1.10699	0.00798591	-0.0132009	0.0307668	0.0537475	0.0337048	0.0436173	0.0206869	-0.00505105	0.00648076	0.00981135	-0.023783	0.058704	0.00320582	-0.0127362	-0.0231102	0.0828794	-0.0202986	0.0493246	-0.0157483	-0.01122	-0.0281565	0.0284772	0.056289	0.00906355	0.019753	0.00817327	-0.0435136	-0.0927792	-0.0392406	-0.0706461	-0.0409692	-0.0372924	-0.05575	-0.0925015	-0.00372574	-0.0427105	-0.0626097	0.00394314	-0.0251568	-0.0263173	-0.0486193	-0.0387934	-0.0503289	-0.0573743	-0.080325	-0.0466007	-0.0951326	-0.0471592
-0.00796866	-0.00172164	-0.0321434	-0.0513339	-0.00653523	0.0564508	-0.0632519	-0.0664989	-0.0652063	-0.0434169	-0.0139786	-0.082942	-0.012795	-0.0442991	-0.0535429	-0.0472708	-0.0587336	-0.0334525	-0.0655139	-0.0262447	0.0449338	-0.00640239	0.0290474	0.00675244	0.0591624	0.0613745	-0.0352547	0.0315892	-0.010668	0.0123663	0.0115661	-0.0437058	-0.0626784	-0.0972414	-0.0578365	-0.0275138	0.0342324	-0.0228496	0.00562219	-0.0197181	0.00798591	1.05202	0.149877	0.143966	0.104078	0.122621	0.0934076	0.125111	0.111718	0.0931827	0.0087045	0.00152918	0.0226835	0.125951	0.119221	0.0903021	-0.019758	-0.017143	0.018255	-0.0132804	-0.0201639	0.00382607	-0.00285881	-0.0359289	-0.0124909	-0.0607425	-0.086778	-0.0574497	-0.0334379	-0.0615006	-0.0697865	-0.0145733	-0.0223216	0.00413394	-0.0156876	-0.0924869	-0.0606553	-0.0867669	-0.0560781	-0.0371926	-0.0579711	-0.0484909	-0.0977711	-0.0888267	-0.0660703	-0.0819862	-0.0783265	-0.118294	-0.0836573
0.0119825	-0.0236081	-0.0400057	0.00882152	0.00287478	-0.00683508	-0.0294816	-0.017249	-0.0124687	-0.0434134	-0.0193187	-0.0527608	-0.0711347	-0.0867648	-0.0299701	-0.0555267	-0.080405	-0.0291682	-0.0404335	0.0143368	0.00671909	0.000727853	-0.000412919	-0.0278763	0.0527236	0.0289759	0.0375249	-0.0472333	-0.0692991	-0.0126104	-0.0168211	-0.0217626	-0.0482574	-0.0580044	-0.0252515	-0.0559707	-0.00228558	0.0594358	0.0183664	0.0315425	-0.0132009	0.149877	1.05663	0.0341131	0.131139	0.0932137	0.110013	0.141452	0.0744832	0.10148	0.0372955	0.014959	0.0286721	0.0814311	0.050575	0.107888	-0.029632	-0.0194694	0.0249918	-0.032003	-0.0167272	-0.026087	0.012376	-0.00237401	-0.0544443	-0.0113947	-0.106411	-0.0806808	-0.0699909	-0.078957	-0.058659	0.0723431	-0.0421722	-0.0299209	0.0385687	-0.0546077	-0.0542329	-0.0583887	-0.0448079	-0.0366761	-0.0687818	-0.0479696	-0.0564049	-0.054345	-0.0719974	-0.128578	-0.0582251	-0.113607	-0.0806505
