0.000010 0.000010 0.999970 0.000010
0.000010 0.000010 0.999970 0.000010
0.000010 0.000010 0.999970 0.000010
0.151354 0.069969 0.000010 0.778667
0.100436 0.000010 0.000010 0.899544
0.082998 0.162309 0.014696 0.739997
0.086776 0.000010 0.000010 0.913204
0.000010 0.000010 0.000010 0.999970
0.096168 0.060656 0.000010 0.843166
0.000010 0.000010 0.000010 0.999970
0.073661 0.092323 0.010831 0.823185
0.000010 0.048579 0.006898 0.944513
0.000010 0.000010 0.000010 0.999970
0.000010 0.000010 0.000010 0.999970
0.089728 0.000010 0.000010 0.910252
0.125970 0.000010 0.000010 0.874010
0.252964 0.264923 0.009105 0.473008
0.160494 0.307513 0.000010 0.531983
0.250336 0.184062 0.019745 0.545857
0.141924 0.320041 0.000010 0.538025
0.000010 0.000010 0.999970 0.000010
0.000010 0.000010 0.999970 0.000010
0.000010 0.000010 0.999970 0.000010
0.000010 0.000010 0.999970 0.000010
0.000010 0.000010 0.999970 0.000010
0.000010 0.079037 0.035481 0.885472
0.000010 0.089768 0.004999 0.905223
0.000010 0.164775 0.021175 0.814041
0.044766 0.276272 0.000063 0.678899
0.000010 0.171414 0.000010 0.828566
0.204031 0.000010 0.000010 0.795949
0.198452 0.000010 0.000010 0.801528
0.109386 0.000010 0.000010 0.890594
0.241553 0.000010 0.000010 0.758427
0.177468 0.000010 0.000010 0.822512
0.000010 0.439842 0.000010 0.560138
0.000014 0.449055 0.000010 0.550921
0.040289 0.328393 0.000010 0.631308
0.021808 0.435260 0.000010 0.542923
0.000010 0.374195 0.042767 0.583028
0.000010 0.999970 0.000010 0.000010
0.000010 0.752817 0.000010 0.247163
0.000010 0.785861 0.000010 0.214119
0.000010 0.864265 0.135715 0.000010
0.000010 0.828175 0.171805 0.000010
0.000010 0.827656 0.172324 0.000010
0.000010 0.858507 0.141473 0.000010
0.000010 0.690334 0.047098 0.262557
0.000010 0.627595 0.000010 0.372385
0.034229 0.507707 0.049000 0.409064
0.000010 0.776879 0.000010 0.223101
0.000010 0.671342 0.037183 0.291465
0.000010 0.649607 0.000010 0.350373
0.000010 0.669123 0.000010 0.330857
0.000010 0.778438 0.000010 0.221542
0.000010 0.242138 0.000010 0.757842
0.000010 0.211863 0.001075 0.787053
0.000010 0.259221 0.051651 0.689118
0.027234 0.257929 0.024074 0.690763
0.000010 0.270574 0.000010 0.729406
0.000010 0.163204 0.000010 0.836776
0.000010 0.206938 0.000010 0.793042
0.000010 0.076591 0.000010 0.923389
0.007944 0.175820 0.000010 0.816226
0.021529 0.175073 0.011573 0.791825
0.999970 0.000010 0.000010 0.000010
0.709284 0.000010 0.000010 0.290696
0.999970 0.000010 0.000010 0.000010
0.999970 0.000010 0.000010 0.000010
0.659077 0.000010 0.000010 0.340903
0.213418 0.733364 0.053208 0.000010
0.301392 0.651865 0.046733 0.000010
0.301488 0.698492 0.000010 0.000010
0.403847 0.552779 0.043364 0.000010
0.541717 0.000010 0.000010 0.458263
0.356963 0.000010 0.023621 0.619407
0.440223 0.000010 0.000010 0.559757
0.325167 0.128282 0.000010 0.546542
0.334542 0.055367 0.000010 0.610081
0.236925 0.000010 0.000010 0.763055
0.328577 0.000010 0.000010 0.671403
0.257155 0.000010 0.000010 0.742825
0.325079 0.000010 0.000010 0.674901
0.999970 0.000010 0.000010 0.000010
0.999970 0.000010 0.000010 0.000010
0.999970 0.000010 0.000010 0.000010
0.999970 0.000010 0.000010 0.000010
0.999970 0.000010 0.000010 0.000010
