0.000010 0.999980 0.000010
0.000010 0.999980 0.000010
0.000010 0.999980 0.000010
0.205482 0.000010 0.794508
0.183064 0.000010 0.816926
0.348027 0.000010 0.651963
0.144391 0.000010 0.855599
0.238449 0.000010 0.761541
0.172791 0.000010 0.827199
0.172092 0.000010 0.827898
0.262065 0.000010 0.737925
0.313869 0.000010 0.686121
0.133727 0.000010 0.866263
0.187600 0.000010 0.812390
0.177706 0.000010 0.822284
0.059998 0.000010 0.939992
0.411574 0.018304 0.570122
0.501314 0.000010 0.498676
0.334485 0.018515 0.647000
0.495956 0.000010 0.504034
0.000010 0.999980 0.000010
0.000010 0.999980 0.000010
0.000010 0.999980 0.000010
0.000010 0.999980 0.000010
0.000010 0.999980 0.000010
0.326924 0.021677 0.651399
0.302199 0.000010 0.697791
0.416791 0.014748 0.568460
0.486102 0.000010 0.513888
0.366206 0.000010 0.633784
0.000010 0.000010 0.999980
0.016385 0.000010 0.983605
0.000010 0.000010 0.999980
0.000010 0.000010 0.999980
0.000010 0.000010 0.999980
0.652553 0.000010 0.347437
0.701320 0.000010 0.298670
0.518139 0.000010 0.481851
0.634450 0.000010 0.365540
0.570580 0.060199 0.369221
0.957844 0.042146 0.000010
0.959363 0.040627 0.000010
0.999980 0.000010 0.000010
0.772256 0.227734 0.000010
0.727522 0.272468 0.000010
0.744846 0.255144 0.000010
0.767002 0.232988 0.000010
0.929324 0.070666 0.000010
0.973381 0.000010 0.026609
0.701652 0.058892 0.239457
0.999980 0.000010 0.000010
0.889553 0.041437 0.069010
0.999980 0.000010 0.000010
0.999980 0.000010 0.000010
0.999980 0.000010 0.000010
0.457421 0.000010 0.542569
0.444427 0.000010 0.555563
0.526121 0.043955 0.429923
0.525486 0.011503 0.463011
0.480558 0.000010 0.519432
0.349695 0.000010 0.650295
0.486098 0.000010 0.513892
0.339944 0.000010 0.660046
0.398673 0.000010 0.601317
0.339471 0.000010 0.660519
0.000010 0.000010 0.999980
0.000010 0.000010 0.999980
0.074449 0.000010 0.925541
0.000010 0.014876 0.985114
0.000010 0.000010 0.999980
0.885077 0.114913 0.000010
0.880500 0.119490 0.000010
0.931151 0.068839 0.000010
0.803252 0.094994 0.101754
0.000010 0.000010 0.999980
0.054928 0.024666 0.920406
0.000010 0.000010 0.999980
0.231964 0.000010 0.768026
0.085487 0.000010 0.914503
0.000010 0.000010 0.999980
0.000010 0.000010 0.999980
0.000010 0.000010 0.999980
0.000010 0.000010 0.999980
0.000010 0.002004 0.997986
0.000010 0.000010 0.999980
0.000010 0.009566 0.990424
0.000010 0.020855 0.979135
0.000010 0.000010 0.999980
