0.000010 0.999960 0.000010 0.000010 0.000010
0.000010 0.999960 0.000010 0.000010 0.000010
0.000010 0.999960 0.000010 0.000010 0.000010
0.152743 0.000010 0.639864 0.000010 0.207373
0.052685 0.000010 0.565640 0.000010 0.381655
0.081744 0.008419 0.568691 0.058920 0.282227
0.057572 0.000010 0.490443 0.000010 0.451965
0.000010 0.000010 0.603451 0.000010 0.396519
0.060889 0.000010 0.663831 0.000010 0.275260
0.000010 0.000010 0.478860 0.000010 0.521110
0.000010 0.014709 0.564651 0.000010 0.420620
0.000010 0.000010 0.662702 0.000010 0.337268
0.000010 0.000010 0.629707 0.000010 0.370263
0.000010 0.000010 0.610636 0.000010 0.389334
0.000010 0.000010 0.459706 0.000010 0.540264
0.000010 0.000010 0.407066 0.000010 0.592904
0.206848 0.009054 0.441221 0.137190 0.205687
0.146197 0.000010 0.522122 0.170063 0.161607
0.190915 0.013909 0.381804 0.132548 0.280824
0.101868 0.000010 0.467238 0.213613 0.217271
0.000010 0.999960 0.000010 0.000010 0.000010
0.000010 0.999960 0.000010 0.000010 0.000010
0.000010 0.999960 0.000010 0.000010 0.000010
0.000010 0.999960 0.000010 0.000010 0.000010
0.000010 0.999960 0.000010 0.000010 0.000010
0.000010 0.027660 0.775655 0.000010 0.196665
0.000010 0.000010 0.850018 0.000010 0.149952
0.000010 0.000010 0.999960 0.000010 0.000010
0.062202 0.000010 0.686400 0.110627 0.140761
0.000010 0.000010 0.759096 0.000010 0.240874
0.000010 0.000010 0.000010 0.000010 0.999960
0.000010 0.000010 0.000010 0.000010 0.999960
0.000010 0.000010 0.000010 0.000010 0.999960
0.000010 0.000010 0.000010 0.000010 0.999960
0.000010 0.000010 0.000010 0.000010 0.999960
0.000010 0.000010 0.756833 0.243137 0.000010
0.000010 0.000010 0.725234 0.274736 0.000010
0.000085 0.000010 0.685549 0.144878 0.169478
0.026721 0.000010 0.588245 0.274807 0.110218
0.000010 0.029684 0.751298 0.218999 0.000010
0.000010 0.000010 0.324334 0.675636 0.000010
0.000010 0.000010 0.115027 0.695994 0.188959
0.000010 0.000010 0.415306 0.584664 0.000010
0.000010 0.027861 0.000010 0.972109 0.000010
0.000010 0.069830 0.000010 0.930140 0.000010
0.000010 0.109998 0.000010 0.889972 0.000010
0.000010 0.092378 0.000010 0.907592 0.000010
0.000010 0.038064 0.451060 0.510856 0.000010
0.000010 0.000010 0.537200 0.462770 0.000010
0.029872 0.058860 0.626090 0.285168 0.000010
0.000010 0.000010 0.455505 0.544465 0.000010
0.000010 0.038571 0.602635 0.358773 0.000010
0.000010 0.000010 0.634865 0.365105 0.000010
0.000010 0.000010 0.571784 0.428186 0.000010
0.000010 0.000010 0.485201 0.514769 0.000010
0.000010 0.000010 0.999960 0.000010 0.000010
0.000010 0.000010 0.952342 0.047628 0.000010
0.000010 0.048465 0.831086 0.120430 0.000010
0.048845 0.040754 0.910382 0.000010 0.000010
0.000010 0.000010 0.895374 0.104596 0.000010
0.000010 0.000010 0.999960 0.000010 0.000010
0.000010 0.000010 0.999960 0.000010 0.000010
0.000010 0.000010 0.828726 0.000010 0.171244
0.000010 0.000010 0.763457 0.026827 0.209696
0.000010 0.008997 0.587490 0.090924 0.312579
0.849661 0.000010 0.000010 0.000010 0.150309
0.751072 0.000010 0.248898 0.000010 0.000010
0.999960 0.000010 0.000010 0.000010 0.000010
0.999960 0.000010 0.000010 0.000010 0.000010
0.615576 0.000010 0.010849 0.000010 0.373555
0.159164 0.000010 0.000010 0.840806 0.000010
0.250584 0.000010 0.000010 0.749386 0.000010
0.296187 0.000010 0.000010 0.703783 0.000010
0.383811 0.000010 0.000010 0.616159 0.000010
0.327698 0.000010 0.000010 0.000010 0.672272
0.231019 0.021987 0.064207 0.000010 0.682776
0.215236 0.000010 0.000010 0.000010 0.784734
0.241515 0.000010 0.241720 0.079886 0.436869
0.180805 0.000010 0.000010 0.030719 0.788456
0.000010 0.000010 0.000010 0.000010 0.999960
0.000010 0.000010 0.000010 0.000010 0.999960
0.000010 0.000010 0.000010 0.000010 0.999960
0.000010 0.000010 0.000010 0.000010 0.999960
0.999960 0.000010 0.000010 0.000010 0.000010
0.999960 0.000010 0.000010 0.000010 0.000010
0.999960 0.000010 0.000010 0.000010 0.000010
0.999960 0.000010 0.000010 0.000010 0.000010
0.999960 0.000010 0.000010 0.000010 0.000010
